	N = 2 Nodes
----------------------------
sample: 1533673531.868032
sample: 1533673532.7324543

start: 1533673528.9242897

result: 2.943742275238037
result: 3.808164596557617

----------------------------


	N = 3 Nodes
----------------------------